   2.0030000e+03
   1.9860000e+03
   2.0130000e+03
   2.0130000e+03
   2.0280000e+03
   1.9930000e+03
   1.9880000e+03
   2.0030000e+03
   1.9990000e+03
   2.0130000e+03
   1.9990000e+03
   1.9770000e+03
   1.9690000e+03
   1.9960000e+03
   1.9980000e+03
   1.9940000e+03
   2.0020000e+03
   2.0030000e+03
   2.0170000e+03
   2.0290000e+03
   2.0220000e+03
   2.0040000e+03
   1.9930000e+03
   2.0170000e+03
   2.0460000e+03
   2.0470000e+03
   2.0520000e+03
   2.0640000e+03
   2.0480000e+03
   2.0580000e+03
   2.0560000e+03
   2.0620000e+03
   2.0680000e+03
   2.0640000e+03
   2.0630000e+03
   2.0820000e+03
   2.0810000e+03
   2.0730000e+03
   2.0710000e+03
   2.0620000e+03
   2.0500000e+03
   2.0540000e+03
   2.0360000e+03
   2.0550000e+03
   2.0790000e+03
   2.0770000e+03
   2.0460000e+03
   2.0350000e+03
   2.0320000e+03
   2.0460000e+03
   2.0560000e+03
   2.0470000e+03
   2.0290000e+03
   2.0250000e+03
   2.0460000e+03
   2.0620000e+03
   2.0540000e+03
   2.0480000e+03
   2.0410000e+03
   2.0320000e+03
   2.0320000e+03
   2.0360000e+03
   2.0480000e+03
   2.0430000e+03
   2.0460000e+03
   2.0580000e+03
   2.0460000e+03
   2.0380000e+03
   2.0410000e+03
   2.0340000e+03
   2.0310000e+03
   2.0400000e+03
   2.0280000e+03
   2.0350000e+03
   2.0240000e+03
   2.0400000e+03
   2.0400000e+03
   2.0480000e+03
   2.0450000e+03
   2.0520000e+03
   2.0290000e+03
   2.0300000e+03
   2.0350000e+03
   2.0440000e+03
   2.0460000e+03
   2.0450000e+03
   2.0390000e+03
   2.0570000e+03
   2.0320000e+03
   2.0370000e+03
   2.0400000e+03
   2.0530000e+03
   2.0470000e+03
   2.0350000e+03
   2.0410000e+03
   2.0460000e+03
   2.0460000e+03
   2.0520000e+03
   2.0390000e+03
   2.0370000e+03
   2.0400000e+03
   2.0320000e+03
   2.0480000e+03
   2.0490000e+03
   2.0510000e+03
   2.0360000e+03
   2.0440000e+03
   2.0460000e+03
   2.0540000e+03
   2.0490000e+03
   2.0360000e+03
   2.0460000e+03
   2.0570000e+03
   2.0660000e+03
   2.0480000e+03
   2.0610000e+03
   2.0730000e+03
   2.0860000e+03
   2.0830000e+03
   2.0850000e+03
   2.0760000e+03
   2.0830000e+03
   2.0770000e+03
   2.0940000e+03
   2.1160000e+03
   2.1170000e+03
   2.1140000e+03
   2.1150000e+03
   2.1240000e+03
   2.0990000e+03
   2.0850000e+03
   2.0750000e+03
   2.0650000e+03
   2.0720000e+03
   2.0640000e+03
   2.0330000e+03
   2.0350000e+03
   2.0450000e+03
   2.0400000e+03
   2.0260000e+03
   2.0270000e+03
   2.0320000e+03
   2.0110000e+03
   2.0120000e+03
   2.0110000e+03
   2.0150000e+03
   2.0840000e+03
   2.2000000e+03
   2.4280000e+03
   2.7080000e+03
   2.9810000e+03
   3.2290000e+03
   3.3550000e+03
   3.0110000e+03
   2.4550000e+03
   2.0010000e+03
   1.7730000e+03
   1.7020000e+03
   1.7580000e+03
   1.7880000e+03
   1.8340000e+03
   1.9010000e+03
   1.9540000e+03
   1.9650000e+03
   1.9650000e+03
   1.9750000e+03
   1.9760000e+03
   1.9810000e+03
   1.9870000e+03
   1.9860000e+03
   1.9880000e+03
   1.9760000e+03
   1.9690000e+03
   1.9780000e+03
   1.9850000e+03
   1.9900000e+03
   1.9840000e+03
   1.9830000e+03
   1.9860000e+03
   1.9850000e+03
   1.9890000e+03
   1.9920000e+03
   1.9980000e+03
   1.9910000e+03
   1.9890000e+03
   1.9990000e+03
   2.0000000e+03
   2.0010000e+03
   2.0020000e+03
   1.9910000e+03
   1.9960000e+03
   2.0060000e+03
   2.0060000e+03
   2.0110000e+03
   2.0170000e+03
   2.0170000e+03
   2.0220000e+03
   2.0340000e+03
   2.0320000e+03
   2.0410000e+03
   2.0570000e+03
   2.0700000e+03
   2.0820000e+03
   2.0920000e+03
   2.0970000e+03
   2.1130000e+03
   2.1200000e+03
   2.1320000e+03
   2.1420000e+03
   2.1400000e+03
   2.1400000e+03
   2.1440000e+03
   2.1420000e+03
   2.1340000e+03
   2.1320000e+03
   2.1290000e+03
   2.1230000e+03
   2.1160000e+03
   2.1150000e+03
   2.1000000e+03
   2.0950000e+03
   2.0820000e+03
   2.0730000e+03
   2.0660000e+03
   2.0570000e+03
   2.0490000e+03
   2.0410000e+03
   2.0490000e+03
   2.0310000e+03
   2.0220000e+03
   2.0220000e+03
   2.0160000e+03
   2.0090000e+03
   2.0110000e+03
   2.0110000e+03
   2.0010000e+03
   2.0010000e+03
   2.0060000e+03
   1.9930000e+03
   1.9820000e+03
   1.9820000e+03
   1.9860000e+03
   1.9840000e+03
   1.9780000e+03
   1.9760000e+03
   1.9720000e+03
   1.9760000e+03
   1.9740000e+03
   1.9850000e+03
   1.9800000e+03
   1.9840000e+03
   1.9930000e+03
   1.9940000e+03
   2.0120000e+03
   2.0090000e+03
   2.0200000e+03
   2.0320000e+03
   2.0350000e+03
   2.0380000e+03
   2.0450000e+03
   2.0450000e+03
   2.0520000e+03
   2.0560000e+03
   2.0610000e+03
   2.0640000e+03
   2.0760000e+03
   2.0690000e+03
   2.0720000e+03
   2.0730000e+03
   2.0690000e+03
   2.0700000e+03
   2.0710000e+03
   2.0670000e+03
   2.0630000e+03
   2.0660000e+03
   2.0580000e+03
   2.0570000e+03
   2.0510000e+03
   2.0580000e+03
   2.0430000e+03
   2.0430000e+03
   2.0390000e+03
   2.0390000e+03
   2.0440000e+03
   2.0380000e+03
   2.0350000e+03
   2.0370000e+03
   2.0360000e+03
   2.0260000e+03
   2.0240000e+03
   2.0280000e+03
   2.0340000e+03
   2.0190000e+03
   2.0260000e+03
   2.0310000e+03
   2.0220000e+03
   2.0180000e+03
   2.0230000e+03
   2.0280000e+03
   2.0240000e+03
   2.0260000e+03
   2.0290000e+03
   2.0290000e+03
   2.0230000e+03
   2.0250000e+03
   2.0200000e+03
   2.0210000e+03
   2.0200000e+03
   2.0270000e+03
   2.0230000e+03
   2.0140000e+03
   2.0230000e+03
   2.0150000e+03
   2.0200000e+03
   2.0200000e+03
   2.0150000e+03
   2.0180000e+03
   2.0180000e+03
   2.0190000e+03
   2.0150000e+03
   2.0160000e+03
   2.0190000e+03
   2.0190000e+03
   2.0270000e+03
   2.0300000e+03
   2.0240000e+03
   2.0180000e+03
   2.0200000e+03
   2.0230000e+03
   2.0130000e+03
   2.0190000e+03
   2.0200000e+03
   2.0210000e+03
   2.0200000e+03
   2.0260000e+03
   2.0180000e+03
   2.0220000e+03
   2.0310000e+03
   2.0290000e+03
   2.0210000e+03
   2.0230000e+03
   2.0430000e+03
   2.0570000e+03
   2.0680000e+03
   2.0750000e+03
   2.0790000e+03
   2.0820000e+03
   2.0910000e+03
   2.0800000e+03
   2.0780000e+03
   2.0830000e+03
   2.0900000e+03
   2.0890000e+03
   2.0920000e+03
   2.0900000e+03
   2.0830000e+03
   2.0710000e+03
   2.0830000e+03
   2.0770000e+03
   2.0530000e+03
   2.0400000e+03
   2.0170000e+03
   2.0100000e+03
   1.9990000e+03
   2.0020000e+03
   2.0110000e+03
   2.0080000e+03
   2.0130000e+03
   2.0110000e+03
   2.0060000e+03
   1.9830000e+03
   1.9760000e+03
   2.0390000e+03
   2.1600000e+03
   2.3920000e+03
   2.6950000e+03
   3.0390000e+03
   3.3240000e+03
   3.4320000e+03
   3.0830000e+03
   2.4410000e+03
   1.9510000e+03
   1.7280000e+03
   1.6890000e+03
   1.7830000e+03
   1.8130000e+03
   1.8510000e+03
   1.9090000e+03
   1.9450000e+03
   1.9440000e+03
   1.9530000e+03
   1.9640000e+03
   1.9660000e+03
   1.9660000e+03
   1.9770000e+03
   1.9760000e+03
   1.9720000e+03
   1.9800000e+03
   1.9910000e+03
   1.9880000e+03
   1.9860000e+03
   1.9870000e+03
   1.9880000e+03
   1.9880000e+03
   1.9810000e+03
   1.9760000e+03
   1.9860000e+03
   1.9900000e+03
   1.9860000e+03
   1.9890000e+03
   1.9890000e+03
   1.9860000e+03
   1.9900000e+03
   1.9890000e+03
   1.9960000e+03
   1.9930000e+03
   2.0000000e+03
   1.9980000e+03
   2.0070000e+03
   2.0070000e+03
   2.0190000e+03
   2.0200000e+03
   2.0240000e+03
   2.0310000e+03
   2.0420000e+03
   2.0490000e+03
   2.0600000e+03
   2.0750000e+03
   2.0910000e+03
   2.1030000e+03
   2.1170000e+03
   2.1240000e+03
   2.1300000e+03
   2.1490000e+03
   2.1580000e+03
   2.1660000e+03
   2.1670000e+03
   2.1640000e+03
   2.1670000e+03
   2.1690000e+03
   2.1700000e+03
   2.1550000e+03
   2.1480000e+03
   2.1490000e+03
   2.1410000e+03
   2.1220000e+03
   2.1090000e+03
   2.1030000e+03
   2.0960000e+03
   2.0900000e+03
   2.0800000e+03
   2.0720000e+03
   2.0630000e+03
   2.0540000e+03
   2.0500000e+03
   2.0480000e+03
   2.0310000e+03
   2.0310000e+03
   2.0190000e+03
   2.0250000e+03
   2.0270000e+03
   2.0220000e+03
   2.0170000e+03
   2.0130000e+03
   2.0130000e+03
   2.0200000e+03
   2.0150000e+03
   2.0110000e+03
   2.0120000e+03
   2.0080000e+03
   2.0030000e+03
   1.9950000e+03
   2.0050000e+03
   1.9930000e+03
   2.0000000e+03
   1.9930000e+03
   1.9960000e+03
   1.9950000e+03
   2.0010000e+03
   1.9970000e+03
   2.0030000e+03
   2.0100000e+03
   2.0100000e+03
   2.0130000e+03
   2.0250000e+03
   2.0300000e+03
   2.0290000e+03
   2.0340000e+03
   2.0400000e+03
   2.0440000e+03
   2.0400000e+03
   2.0450000e+03
   2.0540000e+03
   2.0520000e+03
   2.0590000e+03
   2.0630000e+03
   2.0620000e+03
   2.0590000e+03
   2.0590000e+03
   2.0570000e+03
   2.0670000e+03
   2.0580000e+03
   2.0620000e+03
   2.0540000e+03
   2.0540000e+03
   2.0610000e+03
   2.0610000e+03
   2.0540000e+03
   2.0500000e+03
   2.0470000e+03
   2.0450000e+03
   2.0480000e+03
   2.0300000e+03
   2.0220000e+03
   2.0310000e+03
   2.0460000e+03
   2.0400000e+03
   2.0390000e+03
   2.0330000e+03
   2.0280000e+03
   2.0360000e+03
   2.0460000e+03
   2.0320000e+03
   2.0330000e+03
   2.0340000e+03
   2.0400000e+03
   2.0490000e+03
   2.0430000e+03
   2.0320000e+03
   2.0270000e+03
   2.0310000e+03
   2.0400000e+03
   2.0400000e+03
   2.0260000e+03
   2.0380000e+03
   2.0280000e+03
   2.0400000e+03
   2.0470000e+03
   2.0370000e+03
   2.0330000e+03
   2.0260000e+03
   2.0470000e+03
   2.0260000e+03
   2.0080000e+03
   2.0160000e+03
   2.0330000e+03
   2.0350000e+03
   2.0450000e+03
   2.0390000e+03
   2.0270000e+03
   2.0340000e+03
   2.0360000e+03
   2.0560000e+03
   2.0560000e+03
   2.0330000e+03
   2.0150000e+03
   2.0110000e+03
   2.0300000e+03
   2.0440000e+03
   2.0080000e+03
   1.9950000e+03
   2.0180000e+03
   2.0400000e+03
   2.0610000e+03
   2.0640000e+03
   2.0430000e+03
   2.0360000e+03
   2.0420000e+03
   2.0640000e+03
   2.0890000e+03
   2.0820000e+03
   2.0640000e+03
   2.0680000e+03
   2.0770000e+03
   2.0960000e+03
   2.0970000e+03
   2.0850000e+03
   2.0900000e+03
   2.1000000e+03
   2.1080000e+03
   2.1220000e+03
   2.1170000e+03
   2.0840000e+03
   2.0760000e+03
   2.0770000e+03
   2.0930000e+03
   2.0710000e+03
   2.0390000e+03
   2.0240000e+03
   2.0360000e+03
   2.0590000e+03
   2.0380000e+03
   2.0060000e+03
   2.0040000e+03
   2.0160000e+03
   2.0300000e+03
   2.0230000e+03
   1.9810000e+03
   2.0370000e+03
   2.1390000e+03
   2.3320000e+03
   2.5970000e+03
   2.9040000e+03
   3.1550000e+03
   3.3720000e+03
   3.1850000e+03
   2.6710000e+03
   2.1000000e+03
   1.7820000e+03
   1.6830000e+03
   1.7110000e+03
   1.7840000e+03
   1.8130000e+03
   1.8680000e+03
   1.9330000e+03
   1.9580000e+03
   1.9550000e+03
   1.9630000e+03
   1.9760000e+03
   1.9740000e+03
   1.9830000e+03
   1.9880000e+03
   1.9960000e+03
   1.9880000e+03
   1.9880000e+03
   1.9780000e+03
   1.9820000e+03
   1.9900000e+03
   1.9980000e+03
   1.9790000e+03
   1.9830000e+03
   2.0100000e+03
   2.0040000e+03
   2.0000000e+03
   1.9860000e+03
   1.9860000e+03
   1.9930000e+03
   1.9910000e+03
   1.9920000e+03
   1.9780000e+03
   1.9950000e+03
   2.0060000e+03
   2.0160000e+03
   1.9970000e+03
   2.0160000e+03
   2.0300000e+03
   2.0260000e+03
   2.0240000e+03
   2.0310000e+03
   2.0290000e+03
   2.0510000e+03
   2.0660000e+03
   2.0660000e+03
   2.0690000e+03
   2.0780000e+03
   2.1080000e+03
   2.0990000e+03
   2.1260000e+03
   2.1360000e+03
   2.1530000e+03
   2.1540000e+03
   2.1610000e+03
   2.1560000e+03
   2.1510000e+03
   2.1590000e+03
   2.1360000e+03
   2.1230000e+03
   2.1480000e+03
   2.1620000e+03
   2.1390000e+03
   2.1320000e+03
   2.1330000e+03
   2.1230000e+03
   2.0830000e+03
   2.0810000e+03
   2.0640000e+03
   2.0710000e+03
   2.0840000e+03
   2.0780000e+03
   2.0580000e+03
   2.0550000e+03
   2.0540000e+03
   2.0270000e+03
   2.0210000e+03
   2.0130000e+03
   2.0250000e+03
   2.0450000e+03
   2.0430000e+03
   2.0190000e+03
   1.9930000e+03
   2.0090000e+03
   2.0280000e+03
   1.9990000e+03
   1.9980000e+03
   2.0120000e+03
   1.9950000e+03
   1.9950000e+03
   1.9950000e+03
   2.0010000e+03
   2.0190000e+03
   2.0090000e+03
   2.0030000e+03
   1.9950000e+03
   1.9960000e+03
   2.0110000e+03
   2.0070000e+03
   2.0160000e+03
   2.0320000e+03
   2.0390000e+03
   2.0390000e+03
   2.0370000e+03
   2.0430000e+03
   2.0330000e+03
   2.0460000e+03
   2.0550000e+03
   2.0680000e+03
   2.0610000e+03
   2.0660000e+03
   2.0700000e+03
   2.0770000e+03
   2.0780000e+03
   2.0830000e+03
   2.0660000e+03
   2.0620000e+03
   2.0640000e+03
   2.0760000e+03
   2.0780000e+03
   2.0760000e+03
   2.0690000e+03
   2.0730000e+03
   2.0680000e+03
   2.0790000e+03
   2.0660000e+03
   2.0460000e+03
   2.0560000e+03
   2.0610000e+03
   2.0640000e+03
   2.0560000e+03
   2.0540000e+03
   2.0430000e+03
   2.0360000e+03
   2.0390000e+03
   2.0390000e+03
   2.0470000e+03
   2.0340000e+03
   2.0300000e+03
   2.0280000e+03
   2.0360000e+03
   2.0380000e+03
   2.0380000e+03
   2.0270000e+03
   2.0350000e+03
   2.0300000e+03
   2.0330000e+03
   2.0360000e+03
   2.0160000e+03
   2.0190000e+03
   2.0200000e+03
   2.0340000e+03
   2.0300000e+03
   2.0250000e+03
   2.0390000e+03
   2.0400000e+03
   2.0260000e+03
   2.0290000e+03
   2.0220000e+03
   2.0210000e+03
   2.0190000e+03
   2.0240000e+03
   2.0260000e+03
   2.0140000e+03
   2.0190000e+03
   2.0190000e+03
   2.0130000e+03
   2.0090000e+03
   2.0180000e+03
   2.0050000e+03
   2.0110000e+03
   2.0110000e+03
   2.0220000e+03
   2.0240000e+03
   2.0260000e+03
   2.0210000e+03
   2.0200000e+03
   2.0230000e+03
   2.0190000e+03
   2.0140000e+03
   2.0160000e+03
   2.0200000e+03
   2.0120000e+03
   2.0160000e+03
   2.0220000e+03
   2.0210000e+03
   2.0200000e+03
   2.0220000e+03
   2.0310000e+03
   2.0260000e+03
   2.0410000e+03
   2.0590000e+03
   2.0650000e+03
   2.0580000e+03
   2.0570000e+03
   2.0680000e+03
   2.0700000e+03
   2.0660000e+03
   2.0770000e+03
   2.0780000e+03
   2.0780000e+03
   2.0820000e+03
   2.0890000e+03
   2.0730000e+03
   2.0650000e+03
   2.0600000e+03
   2.0570000e+03
   2.0440000e+03
   2.0390000e+03
   2.0160000e+03
   2.0120000e+03
   2.0060000e+03
   1.9930000e+03
   1.9940000e+03
   2.0030000e+03
   2.0000000e+03
   1.9950000e+03
   1.9920000e+03
   1.9840000e+03
   1.9660000e+03
   2.0270000e+03
   2.1470000e+03
   2.3500000e+03
   2.6210000e+03
   2.9400000e+03
   3.2080000e+03
   3.3840000e+03
   3.1370000e+03
   2.5720000e+03
   2.0510000e+03
   1.7710000e+03
   1.6720000e+03
   1.7140000e+03
   1.7620000e+03
   1.7990000e+03
   1.8700000e+03
   1.9230000e+03
   1.9350000e+03
   1.9370000e+03
   1.9450000e+03
   1.9430000e+03
   1.9560000e+03
   1.9550000e+03
   1.9550000e+03
   1.9680000e+03
   1.9660000e+03
   1.9640000e+03
   1.9670000e+03
   1.9650000e+03
   1.9600000e+03
   1.9580000e+03
   1.9550000e+03
   1.9640000e+03
   1.9530000e+03
   1.9580000e+03
   1.9710000e+03
   1.9750000e+03
   1.9730000e+03
   1.9730000e+03
   1.9730000e+03
   1.9660000e+03
   1.9820000e+03
   1.9820000e+03
   1.9810000e+03
   1.9800000e+03
   1.9900000e+03
   1.9870000e+03
   1.9940000e+03
   1.9980000e+03
   1.9930000e+03
   2.0090000e+03
   2.0100000e+03
   2.0150000e+03
   2.0200000e+03
   2.0380000e+03
   2.0440000e+03
   2.0570000e+03
   2.0790000e+03
   2.0880000e+03
   2.0910000e+03
   2.1010000e+03
   2.1210000e+03
   2.1280000e+03
   2.1240000e+03
   2.1330000e+03
   2.1350000e+03
   2.1400000e+03
   2.1420000e+03
   2.1360000e+03
   2.1280000e+03
   2.1250000e+03
   2.1190000e+03
   2.1070000e+03
   2.0890000e+03
   2.0880000e+03
   2.0810000e+03
   2.0680000e+03
   2.0560000e+03
   2.0520000e+03
   2.0390000e+03
   2.0350000e+03
   2.0330000e+03
   2.0230000e+03
   2.0120000e+03
   2.0000000e+03
   2.0070000e+03
   2.0000000e+03
   1.9980000e+03
   1.9950000e+03
   1.9810000e+03
   1.9840000e+03
   1.9800000e+03
   1.9750000e+03
   1.9750000e+03
   1.9770000e+03
   1.9680000e+03
   1.9730000e+03
   1.9710000e+03
   1.9670000e+03
   1.9690000e+03
   1.9670000e+03
   1.9720000e+03
   1.9710000e+03
   1.9720000e+03
   1.9780000e+03
   1.9760000e+03
   1.9700000e+03
   1.9860000e+03
   1.9890000e+03
   1.9910000e+03
   1.9990000e+03
   2.0140000e+03
   2.0020000e+03
   2.0190000e+03
   2.0190000e+03
   2.0250000e+03
   2.0260000e+03
   2.0300000e+03
   2.0390000e+03
   2.0400000e+03
   2.0420000e+03
   2.0540000e+03
   2.0610000e+03
   2.0490000e+03
   2.0560000e+03
   2.0510000e+03
   2.0470000e+03
   2.0410000e+03
   2.0540000e+03
   2.0580000e+03
   2.0520000e+03
   2.0510000e+03
   2.0480000e+03
   2.0470000e+03
   2.0450000e+03
   2.0420000e+03
   2.0350000e+03
   2.0340000e+03
   2.0320000e+03
   2.0230000e+03
   2.0180000e+03
   2.0200000e+03
   2.0190000e+03
   2.0180000e+03
   2.0260000e+03
   2.0190000e+03
   2.0150000e+03
   2.0200000e+03
   2.0160000e+03
   2.0130000e+03
   2.0130000e+03
   2.0170000e+03
   2.0060000e+03
   2.0050000e+03
   2.0090000e+03
   2.0070000e+03
   2.0040000e+03
   1.9970000e+03
   2.0040000e+03
   2.0040000e+03
   2.0120000e+03
   2.0070000e+03
   2.0140000e+03
   2.0100000e+03
   2.0060000e+03
   2.0100000e+03
   2.0030000e+03
   2.0090000e+03
   2.0080000e+03
   2.0090000e+03
   2.0140000e+03
   2.0150000e+03
   2.0060000e+03
   2.0090000e+03
   2.0170000e+03
   2.0210000e+03
   2.0140000e+03
   2.0090000e+03
   2.0110000e+03
   2.0110000e+03
   2.0120000e+03
   2.0110000e+03
   2.0140000e+03
   2.0000000e+03
   2.0150000e+03
   2.0120000e+03
   2.0100000e+03
   2.0140000e+03
   2.0220000e+03
   2.0320000e+03
   2.0480000e+03
   2.0600000e+03
   2.0680000e+03
   2.0650000e+03
   2.0830000e+03
   2.0890000e+03
   2.0840000e+03
   2.0690000e+03
   2.0760000e+03
   2.0820000e+03
   2.0740000e+03
   2.0720000e+03
   2.0720000e+03
   2.0640000e+03
   2.0580000e+03
   2.0600000e+03
   2.0460000e+03
   2.0370000e+03
   2.0270000e+03
   2.0100000e+03
   2.0080000e+03
   1.9990000e+03
   1.9970000e+03
   1.9860000e+03
   1.9930000e+03
   1.9970000e+03
   1.9930000e+03
   1.9890000e+03
   1.9810000e+03
   1.9700000e+03
   2.0150000e+03
   2.1310000e+03
   2.3480000e+03
   2.6530000e+03
   2.9920000e+03
   3.2770000e+03
   3.4050000e+03
   3.1060000e+03
   2.4740000e+03
   1.9430000e+03
   1.7060000e+03
   1.6600000e+03
   1.7500000e+03
   1.7990000e+03
   1.8340000e+03
   1.8780000e+03
   1.9200000e+03
   1.9390000e+03
   1.9410000e+03
   1.9440000e+03
   1.9470000e+03
   1.9530000e+03
   1.9550000e+03
   1.9580000e+03
   1.9580000e+03
   1.9660000e+03
   1.9580000e+03
   1.9550000e+03
   1.9650000e+03
   1.9510000e+03
   1.9560000e+03
   1.9650000e+03
   1.9690000e+03
   1.9760000e+03
   1.9730000e+03
   1.9770000e+03
   1.9680000e+03
   1.9740000e+03
   1.9810000e+03
   1.9780000e+03
   1.9820000e+03
   1.9810000e+03
   1.9820000e+03
   1.9890000e+03
   1.9920000e+03
   1.9950000e+03
   1.9910000e+03
   1.9970000e+03
   2.0010000e+03
   1.9920000e+03
   1.9990000e+03
   2.0050000e+03
   2.0190000e+03
   2.0320000e+03
   2.0520000e+03
   2.0550000e+03
   2.0560000e+03
   2.0700000e+03
   2.0980000e+03
   2.1210000e+03
   2.1200000e+03
   2.1320000e+03
   2.1450000e+03
   2.1500000e+03
   2.1590000e+03
   2.1510000e+03
   2.1380000e+03
   2.1330000e+03
   2.1460000e+03
   2.1550000e+03
   2.1340000e+03
   2.1200000e+03
   2.1110000e+03
   2.1130000e+03
   2.1070000e+03
   2.0720000e+03
   2.0600000e+03
   2.0530000e+03
   2.0680000e+03
   2.0640000e+03
   2.0550000e+03
   2.0360000e+03
   2.0130000e+03
   2.0050000e+03
   2.0120000e+03
   2.0010000e+03
   1.9820000e+03
   1.9860000e+03
   1.9880000e+03
   1.9890000e+03
   1.9970000e+03
   1.9810000e+03
   1.9790000e+03
   1.9710000e+03
   1.9750000e+03
   1.9900000e+03
   1.9670000e+03
   1.9590000e+03
   1.9640000e+03
   1.9740000e+03
   1.9940000e+03
   1.9900000e+03
   1.9790000e+03
   1.9580000e+03
   1.9630000e+03
   1.9810000e+03
   1.9840000e+03
   1.9600000e+03
   1.9690000e+03
   1.9790000e+03
   2.0010000e+03
   2.0150000e+03
   1.9980000e+03
   1.9940000e+03
   2.0110000e+03
   2.0240000e+03
   2.0330000e+03
   2.0260000e+03
   2.0150000e+03
   2.0200000e+03
   2.0220000e+03
   2.0450000e+03
   2.0580000e+03
   2.0420000e+03
   2.0230000e+03
   2.0450000e+03
   2.0480000e+03
   2.0560000e+03
   2.0480000e+03
   2.0280000e+03
   2.0320000e+03
   2.0270000e+03
   2.0470000e+03
   2.0450000e+03
   2.0410000e+03
   2.0320000e+03
   2.0310000e+03
   2.0300000e+03
   2.0500000e+03
   2.0390000e+03
   2.0270000e+03
   2.0230000e+03
   2.0230000e+03
   2.0340000e+03
   2.0370000e+03
   2.0230000e+03
   2.0230000e+03
   2.0270000e+03
   2.0340000e+03
   2.0420000e+03
   2.0170000e+03
   2.0050000e+03
   2.0220000e+03
   2.0310000e+03
   2.0470000e+03
   2.0430000e+03
   2.0220000e+03
   2.0110000e+03
   2.0210000e+03
   2.0400000e+03
   2.0380000e+03
   2.0320000e+03
   2.0130000e+03
   2.0140000e+03
   2.0220000e+03
   2.0350000e+03
   2.0500000e+03
   2.0530000e+03
   2.0280000e+03
   2.0300000e+03
   2.0430000e+03
   2.0590000e+03
   2.0470000e+03
   2.0350000e+03
   2.0420000e+03
   2.0480000e+03
   2.0530000e+03
   2.0440000e+03
   2.0180000e+03
   2.0240000e+03
   2.0320000e+03
   2.0540000e+03
   2.0600000e+03
   2.0610000e+03
   2.0320000e+03
   2.0370000e+03
   2.0430000e+03
   2.0530000e+03
   2.0420000e+03
   2.0390000e+03
   2.0430000e+03
   2.0370000e+03
   2.0280000e+03
   2.0370000e+03
   2.0490000e+03
   2.0600000e+03
   2.0780000e+03
   2.0780000e+03
   2.0820000e+03
   2.0740000e+03
   2.0740000e+03
   2.0860000e+03
   2.0950000e+03
   2.0920000e+03
   2.1110000e+03
   2.1270000e+03
   2.1290000e+03
   2.1160000e+03
   2.0970000e+03
   2.0860000e+03
   2.0940000e+03
   2.1040000e+03
   2.0650000e+03
   2.0560000e+03
   2.0590000e+03
   2.0480000e+03
   2.0360000e+03
   2.0360000e+03
   2.0180000e+03
   2.0090000e+03
   2.0270000e+03
   2.0310000e+03
   2.0250000e+03
   2.0040000e+03
   1.9970000e+03
   2.0300000e+03
   2.1230000e+03
   2.3020000e+03
   2.5370000e+03
   2.8420000e+03
   3.0970000e+03
   3.3250000e+03
   3.1850000e+03
   2.7180000e+03
   2.1530000e+03
   1.8170000e+03
   1.6860000e+03
   1.7030000e+03
   1.7710000e+03
   1.7940000e+03
   1.8460000e+03
   1.9360000e+03
   1.9750000e+03
   1.9750000e+03
   1.9860000e+03
   1.9890000e+03
   1.9740000e+03
   1.9720000e+03
   2.0040000e+03
   2.0080000e+03
   2.0070000e+03
   1.9890000e+03
   1.9940000e+03
   1.9950000e+03
   1.9900000e+03
   1.9880000e+03
   2.0050000e+03
   2.0190000e+03
   2.0240000e+03
   2.0270000e+03
   2.0160000e+03
   2.0210000e+03
   2.0100000e+03
   2.0040000e+03
   2.0140000e+03
   2.0250000e+03
   2.0240000e+03
   2.0350000e+03
   2.0260000e+03
   2.0230000e+03
   2.0240000e+03
   2.0320000e+03
   2.0300000e+03
   2.0300000e+03
   2.0370000e+03
   2.0550000e+03
   2.0780000e+03
   2.0800000e+03
   2.1080000e+03
   2.0920000e+03
   2.0860000e+03
   2.0980000e+03
   2.1100000e+03
   2.1300000e+03
   2.1340000e+03
   2.1420000e+03
   2.1550000e+03
   2.1730000e+03
   2.1910000e+03
   2.1850000e+03
   2.1730000e+03
   2.1660000e+03
   2.1580000e+03
   2.1690000e+03
   2.1550000e+03
   2.1570000e+03
   2.1610000e+03
   2.1510000e+03
   2.1420000e+03
   2.1300000e+03
   2.1150000e+03
   2.0980000e+03
   2.1020000e+03
   2.0860000e+03
   2.0820000e+03
   2.0780000e+03
   2.0580000e+03
   2.0490000e+03
   2.0490000e+03
   2.0460000e+03
   2.0420000e+03
   2.0280000e+03
   2.0180000e+03
   2.0250000e+03
   2.0210000e+03
   2.0200000e+03
   2.0120000e+03
   2.0120000e+03
   2.0000000e+03
   1.9940000e+03
   1.9950000e+03
   1.9920000e+03
   1.9900000e+03
   1.9920000e+03
   1.9990000e+03
   1.9930000e+03
   1.9730000e+03
   1.9890000e+03
   2.0010000e+03
   2.0010000e+03
   2.0040000e+03
   2.0040000e+03
   2.0140000e+03
   2.0140000e+03
   2.0210000e+03
   2.0210000e+03
   2.0300000e+03
   2.0320000e+03
   2.0470000e+03
   2.0480000e+03
   2.0500000e+03
   2.0550000e+03
   2.0600000e+03
   2.0630000e+03
   2.0600000e+03
   2.0690000e+03
   2.0730000e+03
   2.0760000e+03
   2.0740000e+03
   2.0700000e+03
   2.0830000e+03
   2.0840000e+03
   2.0670000e+03
   2.0640000e+03
   2.0600000e+03
   2.0670000e+03
   2.0590000e+03
   2.0530000e+03
   2.0610000e+03
   2.0480000e+03
   2.0430000e+03
   2.0450000e+03
   2.0440000e+03
   2.0360000e+03
   2.0320000e+03
   2.0370000e+03
   2.0430000e+03
   2.0330000e+03
   2.0430000e+03
   2.0300000e+03
   2.0220000e+03
   2.0250000e+03
   2.0210000e+03
   2.0170000e+03
   2.0220000e+03
   2.0290000e+03
   2.0220000e+03
   2.0220000e+03
   2.0210000e+03
   2.0200000e+03
   2.0200000e+03
   2.0130000e+03
   2.0140000e+03
   2.0150000e+03
   2.0210000e+03
   2.0210000e+03
   2.0210000e+03
   2.0220000e+03
   2.0280000e+03
   2.0220000e+03
   2.0140000e+03
   2.0100000e+03
   2.0080000e+03
   1.9960000e+03
   1.9980000e+03
   2.0070000e+03
   2.0090000e+03
   2.0020000e+03
   2.0140000e+03
   2.0170000e+03
   2.0070000e+03
   2.0100000e+03
   2.0110000e+03
   2.0040000e+03
   2.0000000e+03
   2.0070000e+03
   2.0120000e+03
   2.0190000e+03
   2.0110000e+03
   2.0130000e+03
   2.0070000e+03
   2.0150000e+03
   2.0140000e+03
   2.0130000e+03
   2.0160000e+03
   2.0080000e+03
   2.0140000e+03
   2.0330000e+03
   2.0580000e+03
   2.0660000e+03
   2.0690000e+03
   2.0670000e+03
   2.0690000e+03
   2.0610000e+03
   2.0810000e+03
   2.0700000e+03
   2.0580000e+03
   2.0540000e+03
   2.0560000e+03
   2.0570000e+03
   2.0360000e+03
   2.0400000e+03
   2.0430000e+03
   2.0310000e+03
   2.0230000e+03
   2.0170000e+03
   2.0060000e+03
   2.0030000e+03
   2.0040000e+03
   2.0070000e+03
   2.0020000e+03
   1.9870000e+03
   1.9890000e+03
   1.9620000e+03
   1.9980000e+03
   2.0980000e+03
   2.2900000e+03
   2.5670000e+03
   2.9190000e+03
   3.2010000e+03
   3.4050000e+03
   3.2190000e+03
   2.6580000e+03
   2.0780000e+03
   1.7850000e+03
   1.6760000e+03
   1.7090000e+03
   1.7750000e+03
   1.8100000e+03
   1.8750000e+03
   1.9180000e+03
   1.9330000e+03
   1.9430000e+03
   1.9450000e+03
   1.9500000e+03
   1.9640000e+03
   1.9710000e+03
   1.9730000e+03
   1.9690000e+03
   1.9670000e+03
   1.9720000e+03
   1.9670000e+03
   1.9700000e+03
   1.9690000e+03
   1.9730000e+03
   1.9690000e+03
   1.9720000e+03
   1.9840000e+03
   1.9930000e+03
   1.9850000e+03
   1.9830000e+03
   1.9840000e+03
   1.9870000e+03
   1.9860000e+03
   1.9960000e+03
   1.9940000e+03
   1.9860000e+03
   1.9950000e+03
   2.0050000e+03
   2.0000000e+03
   1.9980000e+03
   2.0060000e+03
   2.0110000e+03
   2.0150000e+03
   2.0110000e+03
   2.0210000e+03
   2.0240000e+03
   2.0330000e+03
   2.0470000e+03
   2.0560000e+03
   2.0720000e+03
   2.0750000e+03
   2.0970000e+03
   2.1020000e+03
   2.1130000e+03
   2.1220000e+03
   2.1370000e+03
   2.1370000e+03
   2.1480000e+03
   2.1440000e+03
   2.1480000e+03
   2.1580000e+03
   2.1510000e+03
   2.1470000e+03
   2.1430000e+03
   2.1400000e+03
   2.1210000e+03
   2.1130000e+03
   2.1040000e+03
   2.0960000e+03
   2.0870000e+03
   2.0750000e+03
   2.0600000e+03
   2.0470000e+03
   2.0400000e+03
   2.0380000e+03
   2.0290000e+03
   2.0160000e+03
   2.0070000e+03
   2.0030000e+03
   2.0050000e+03
   1.9940000e+03
   1.9940000e+03
   1.9980000e+03
   1.9960000e+03
   1.9930000e+03
   1.9970000e+03
   1.9970000e+03
   1.9960000e+03
   1.9920000e+03
   1.9910000e+03
   1.9920000e+03
   1.9870000e+03
   1.9850000e+03
   1.9800000e+03
   1.9870000e+03
   1.9800000e+03
   1.9810000e+03
   1.9780000e+03
   1.9890000e+03
   1.9830000e+03
   1.9880000e+03
   1.9860000e+03
   1.9820000e+03
   1.9980000e+03
   1.9970000e+03
   2.0000000e+03
   1.9960000e+03
   2.0040000e+03
   2.0040000e+03
   2.0190000e+03
   2.0240000e+03
   2.0210000e+03
   2.0280000e+03
   2.0330000e+03
   2.0330000e+03
   2.0340000e+03
   2.0380000e+03
   2.0410000e+03
   2.0480000e+03
   2.0370000e+03
   2.0430000e+03
   2.0380000e+03
   2.0330000e+03
   2.0320000e+03
   2.0320000e+03
   2.0250000e+03
   2.0310000e+03
   2.0380000e+03
   2.0290000e+03
   2.0320000e+03
   2.0340000e+03
   2.0310000e+03
   2.0180000e+03
   2.0180000e+03
   2.0230000e+03
   2.0230000e+03
   2.0180000e+03
   2.0210000e+03
   2.0220000e+03
   2.0180000e+03
   2.0130000e+03
   2.0140000e+03
   2.0120000e+03
   2.0160000e+03
   2.0030000e+03
   2.0060000e+03
   2.0350000e+03
   2.0640000e+03
   2.0740000e+03
   2.0770000e+03
   2.0780000e+03
   2.0680000e+03
   2.0730000e+03
   2.0780000e+03
   2.0780000e+03
   2.0560000e+03
   2.0380000e+03
   2.0410000e+03
   2.0390000e+03
   2.0310000e+03
   2.0240000e+03
   2.0250000e+03
   2.0160000e+03
   2.0070000e+03
   1.9970000e+03
   1.9920000e+03
   1.9790000e+03
   1.9880000e+03
   1.9880000e+03
   1.9880000e+03
   1.9840000e+03
   1.9810000e+03
   1.9730000e+03
   1.9600000e+03
   2.0300000e+03
   2.1630000e+03
   2.3890000e+03
   2.7030000e+03
   3.0510000e+03
   3.3240000e+03
   3.4300000e+03
   3.0570000e+03
   2.3950000e+03
   1.9090000e+03
   1.7030000e+03
   1.6710000e+03
   1.7560000e+03
   1.8050000e+03
   1.8430000e+03
   1.8990000e+03
   1.9350000e+03
   1.9500000e+03
   1.9480000e+03
   1.9570000e+03
   1.9590000e+03
   1.9640000e+03
   1.9600000e+03
   1.9680000e+03
   1.9720000e+03
   1.9700000e+03
   1.9710000e+03
   1.9770000e+03
   1.9730000e+03
   1.9760000e+03
   1.9820000e+03
   1.9840000e+03
   1.9840000e+03
   1.9830000e+03
   1.9990000e+03
   1.9950000e+03
   1.9970000e+03
   1.9960000e+03
   2.0010000e+03
   2.0060000e+03
   2.0120000e+03
   1.9990000e+03
   1.9910000e+03
   2.0070000e+03
   2.0000000e+03
   2.0050000e+03
   2.0120000e+03
   2.0200000e+03
   2.0200000e+03
   2.0370000e+03
   2.0400000e+03
   2.0550000e+03
   2.0510000e+03
   2.0620000e+03
   2.0780000e+03
   2.0900000e+03
   2.0940000e+03
   2.1080000e+03
   2.1200000e+03
   2.1330000e+03
   2.1480000e+03
   2.1410000e+03
   2.1570000e+03
   2.1640000e+03
   2.1820000e+03
   2.1910000e+03
   2.1690000e+03
   2.1550000e+03
   2.1620000e+03
   2.1450000e+03
   2.1640000e+03
   2.1560000e+03
   2.1290000e+03
   2.1210000e+03
   2.1000000e+03
   2.0900000e+03
   2.0700000e+03
   2.0570000e+03
   2.0550000e+03
   2.0590000e+03
   2.0630000e+03
   2.0440000e+03
   2.0200000e+03
   2.0140000e+03
   2.0190000e+03
   2.0290000e+03
   2.0380000e+03
   2.0180000e+03
   2.0040000e+03
   1.9960000e+03
   2.0170000e+03
   2.0210000e+03
   2.0060000e+03
   1.9970000e+03
   2.0020000e+03
   2.0140000e+03
   2.0160000e+03
   2.0210000e+03
   1.9820000e+03
   1.9870000e+03
   1.9940000e+03
   2.0020000e+03
   2.0100000e+03
   1.9920000e+03
   1.9820000e+03
   1.9860000e+03
   2.0030000e+03
   2.0130000e+03
   2.0030000e+03
   1.9770000e+03
   1.9960000e+03
   2.0070000e+03
   2.0290000e+03
   2.0500000e+03
   2.0420000e+03
   2.0200000e+03
   2.0300000e+03
   2.0450000e+03
   2.0610000e+03
   2.0640000e+03
   2.0590000e+03
   2.0580000e+03
   2.0610000e+03
   2.0630000e+03
   2.0580000e+03
   2.0440000e+03
   2.0450000e+03
   2.0520000e+03
   2.0570000e+03
   2.0650000e+03
   2.0580000e+03
   2.0540000e+03
   2.0400000e+03
   2.0400000e+03
   2.0390000e+03
   2.0440000e+03
   2.0430000e+03
   2.0450000e+03
   2.0250000e+03
   2.0440000e+03
   2.0650000e+03
   2.0510000e+03
   2.0360000e+03
   2.0230000e+03
   2.0250000e+03
   2.0350000e+03
   2.0430000e+03
   2.0240000e+03
   2.0220000e+03
   2.0200000e+03
   2.0360000e+03
   2.0360000e+03
   2.0470000e+03
   2.0330000e+03
   2.0250000e+03
   2.0280000e+03
   2.0330000e+03
   2.0300000e+03
   2.0220000e+03
   2.0320000e+03
   2.0360000e+03
   2.0460000e+03
   2.0490000e+03
   2.0410000e+03
   2.0300000e+03
   2.0180000e+03
   2.0230000e+03
   2.0540000e+03
   2.0370000e+03
   2.0150000e+03
   2.0410000e+03
   2.0580000e+03
   2.0540000e+03
   2.0540000e+03
   2.0460000e+03
   2.0280000e+03
   2.0380000e+03
   2.0370000e+03
   2.0320000e+03
   2.0200000e+03
   2.0370000e+03
   2.0570000e+03
   2.0510000e+03
   2.0380000e+03
   2.0440000e+03
   2.0300000e+03
   2.0500000e+03
   2.0280000e+03
   2.0290000e+03
   2.0420000e+03
   2.0480000e+03
   2.0570000e+03
   2.0490000e+03
   2.0450000e+03
   2.0490000e+03
   2.0570000e+03
   2.0550000e+03
   2.0180000e+03
   2.0330000e+03
   2.0450000e+03
   2.0480000e+03
   2.0540000e+03
   2.0510000e+03
   2.0540000e+03
   2.0660000e+03
   2.0640000e+03
   2.0740000e+03
   2.1040000e+03
   2.0910000e+03
   2.0790000e+03
   2.0900000e+03
   2.0980000e+03
   2.1130000e+03
   2.1160000e+03
   2.1110000e+03
   2.0900000e+03
   2.0990000e+03
   2.1070000e+03
   2.0820000e+03
   2.0730000e+03
   2.0640000e+03
   2.0700000e+03
   2.0580000e+03
   2.0450000e+03
   2.0480000e+03
   2.0370000e+03
   2.0430000e+03
   2.0510000e+03
   2.0450000e+03
   2.0410000e+03
   2.0360000e+03
   2.0200000e+03
   2.0720000e+03
   2.1800000e+03
   2.3900000e+03
   2.6440000e+03
   2.9310000e+03
   3.1870000e+03
   3.3830000e+03
   3.1440000e+03
   2.6100000e+03
   2.0980000e+03
   1.8200000e+03
   1.7210000e+03
   1.7630000e+03
   1.8070000e+03
   1.8400000e+03
   1.8970000e+03
   1.9560000e+03
   1.9970000e+03
   1.9940000e+03
   1.9940000e+03
   1.9940000e+03
   2.0060000e+03
   1.9950000e+03
   1.9960000e+03
   2.0140000e+03
   2.0160000e+03
   2.0010000e+03
   2.0090000e+03
   2.0250000e+03
   2.0240000e+03
   2.0110000e+03
   1.9980000e+03
   2.0150000e+03
   2.0180000e+03
   2.0100000e+03
   2.0140000e+03
   2.0180000e+03
   2.0260000e+03
   2.0310000e+03
   2.0130000e+03
   2.0120000e+03
   2.0040000e+03
   2.0030000e+03
   1.9970000e+03
   2.0130000e+03
   2.0240000e+03
   2.0290000e+03
   2.0270000e+03
   2.0240000e+03
   2.0390000e+03
   2.0400000e+03
   2.0530000e+03
   2.0690000e+03
   2.0740000e+03
   2.0890000e+03
   2.0980000e+03
   2.1020000e+03
   2.1080000e+03
   2.1190000e+03
   2.1400000e+03
   2.1280000e+03
   2.1440000e+03
   2.1540000e+03
   2.1560000e+03
   2.1520000e+03
   2.1720000e+03
   2.1740000e+03
   2.1650000e+03
   2.1510000e+03
   2.1480000e+03
   2.1460000e+03
   2.1440000e+03
   2.1380000e+03
   2.1230000e+03
   2.1110000e+03
   2.0900000e+03
   2.0850000e+03
   2.0840000e+03
   2.0740000e+03
   2.0740000e+03
   2.0660000e+03
   2.0550000e+03
   2.0410000e+03
   2.0260000e+03
   2.0260000e+03
   2.0340000e+03
   2.0290000e+03
   2.0200000e+03
   2.0170000e+03
   2.0100000e+03
   2.0140000e+03
   2.0160000e+03
   2.0120000e+03
   1.9950000e+03
   2.0030000e+03
   2.0010000e+03
   2.0000000e+03
   1.9960000e+03
   2.0040000e+03
   1.9920000e+03
   1.9940000e+03
   2.0000000e+03
   1.9990000e+03
   1.9930000e+03
   1.9960000e+03
   2.0090000e+03
   2.0180000e+03
   2.0220000e+03
   2.0250000e+03
   2.0290000e+03
   2.0310000e+03
   2.0290000e+03
   2.0430000e+03
   2.0470000e+03
   2.0460000e+03
   2.0580000e+03
   2.0630000e+03
   2.0680000e+03
   2.0790000e+03
   2.0780000e+03
   2.0750000e+03
   2.0790000e+03
   2.0730000e+03
   2.0790000e+03
   2.0800000e+03
   2.0840000e+03
   2.0730000e+03
   2.0720000e+03
   2.0710000e+03
   2.0730000e+03
   2.0620000e+03
   2.0540000e+03
   2.0620000e+03
   2.0660000e+03
   2.0780000e+03
   2.0910000e+03
   2.1050000e+03
   2.1040000e+03
   2.1000000e+03
   2.0910000e+03
   2.0910000e+03
   2.1010000e+03
   2.0980000e+03
   2.0720000e+03
   2.0540000e+03
   2.0610000e+03
   2.0510000e+03
   2.0470000e+03
   2.0460000e+03
   2.0410000e+03
   2.0340000e+03
   2.0230000e+03
   2.0200000e+03
   2.0080000e+03
   1.9980000e+03
   2.0030000e+03
   2.0050000e+03
   2.0010000e+03
   1.9970000e+03
   1.9950000e+03
   1.9900000e+03
   1.9720000e+03
   2.0020000e+03
   2.0850000e+03
   2.2480000e+03
   2.4980000e+03
   2.8530000e+03
   3.1410000e+03
   3.3810000e+03
   3.3190000e+03
   2.8190000e+03
   2.1790000e+03
   1.8230000e+03
   1.6770000e+03
   1.6850000e+03
   1.7670000e+03
   1.8010000e+03
   1.8590000e+03
   1.9220000e+03
   1.9390000e+03
   1.9440000e+03
   1.9550000e+03
   1.9620000e+03
   1.9610000e+03
   1.9650000e+03
   1.9690000e+03
   1.9690000e+03
   1.9630000e+03
   1.9700000e+03
   1.9690000e+03
   1.9700000e+03
   1.9610000e+03
   1.9720000e+03
   1.9740000e+03
   1.9730000e+03
   1.9800000e+03
   1.9830000e+03
   1.9770000e+03
   1.9820000e+03
   1.9790000e+03
   1.9800000e+03
   1.9770000e+03
   1.9800000e+03
   1.9930000e+03
   1.9860000e+03
   1.9920000e+03
   1.9880000e+03
   1.9890000e+03
   1.9990000e+03
   1.9980000e+03
   2.0020000e+03
   2.0070000e+03
   2.0180000e+03
   2.0190000e+03
   2.0330000e+03
   2.0470000e+03
   2.0580000e+03
   2.0670000e+03
   2.0870000e+03
   2.0960000e+03
   2.1070000e+03
   2.1260000e+03
   2.1440000e+03
   2.1450000e+03
   2.1520000e+03
   2.1640000e+03
   2.1710000e+03
   2.1780000e+03
   2.1780000e+03
   2.1750000e+03
   2.1620000e+03
   2.1560000e+03
   2.1540000e+03
   2.1420000e+03
   2.1310000e+03
   2.1150000e+03
   2.1070000e+03
   2.0940000e+03
   2.0890000e+03
   2.0720000e+03
   2.0580000e+03
   2.0440000e+03
   2.0360000e+03
   2.0220000e+03
   2.0200000e+03
   2.0180000e+03
   2.0070000e+03
   2.0030000e+03
   2.0080000e+03
   2.0030000e+03
   1.9980000e+03
   1.9900000e+03
   1.9900000e+03
   1.9930000e+03
   1.9850000e+03
   1.9820000e+03
   1.9810000e+03
   1.9800000e+03
   1.9820000e+03
   1.9840000e+03
   1.9690000e+03
   1.9790000e+03
   1.9810000e+03
   1.9730000e+03
   1.9740000e+03
   1.9700000e+03
   1.9650000e+03
   1.9720000e+03
   1.9750000e+03
   1.9760000e+03
   1.9840000e+03
   1.9830000e+03
   1.9910000e+03
   1.9970000e+03
   1.9980000e+03
   1.9980000e+03
   2.0070000e+03
   2.0050000e+03
   2.0140000e+03
   2.0170000e+03
   2.0150000e+03
   2.0220000e+03
   2.0240000e+03
   2.0220000e+03
   2.0230000e+03
   2.0320000e+03
   2.0320000e+03
   2.0290000e+03
   2.0350000e+03
   2.0370000e+03
   2.0320000e+03
   2.0360000e+03
   2.0350000e+03
   2.0340000e+03
   2.0240000e+03
   2.0280000e+03
   2.0220000e+03
   2.0180000e+03
   2.0210000e+03
   2.0130000e+03
   2.0160000e+03
   2.0040000e+03
   2.0120000e+03
   2.0140000e+03
   2.0180000e+03
   2.0230000e+03
   2.0130000e+03
   2.0150000e+03
   2.0210000e+03
   2.0180000e+03
   2.0080000e+03
   2.0160000e+03
   2.0180000e+03
   2.0050000e+03
   2.0150000e+03
   2.0200000e+03
   2.0210000e+03
   2.0130000e+03
   2.0140000e+03
   2.0190000e+03
   2.0110000e+03
   2.0070000e+03
   2.0130000e+03
   2.0200000e+03
   2.0140000e+03
   2.0200000e+03
   2.0170000e+03
   2.0180000e+03
   2.0170000e+03
   2.0220000e+03
   2.0220000e+03
   2.0220000e+03
   2.0170000e+03
   2.0190000e+03
   2.0220000e+03
   2.0270000e+03
   2.0140000e+03
   2.0100000e+03
   2.0210000e+03
   2.0250000e+03
   2.0210000e+03
   2.0180000e+03
   2.0240000e+03
   2.0260000e+03
   2.0260000e+03
   2.0250000e+03
   2.0160000e+03
   2.0220000e+03
   2.0230000e+03
   2.0220000e+03
   2.0230000e+03
   2.0160000e+03
   2.0210000e+03
   2.0220000e+03
   2.0210000e+03
   2.0190000e+03
   2.0240000e+03
   2.0220000e+03
   2.0240000e+03
   2.0270000e+03
   2.0220000e+03
   2.0260000e+03
   2.0180000e+03
   2.0210000e+03
   2.0280000e+03
   2.0290000e+03
   2.0210000e+03
   2.0230000e+03
   2.0240000e+03
   2.0390000e+03
   2.0400000e+03
   2.0600000e+03
   2.0740000e+03
   2.0790000e+03
   2.0780000e+03
   2.0930000e+03
   2.0860000e+03
   2.0820000e+03
   2.0880000e+03
   2.0950000e+03
   2.0900000e+03
   2.0860000e+03
   2.0960000e+03
   2.0820000e+03
   2.0800000e+03
   2.0680000e+03
   2.0570000e+03
   2.0490000e+03
   2.0400000e+03
   2.0280000e+03
   2.0100000e+03
   2.0160000e+03
   2.0080000e+03
   2.0020000e+03
   2.0060000e+03
   2.0130000e+03
   2.0050000e+03
   1.9970000e+03
   1.9850000e+03
   1.9830000e+03
   2.0500000e+03
   2.1900000e+03
   2.4310000e+03
   2.7600000e+03
   3.0850000e+03
   3.3610000e+03
   3.4220000e+03
   2.9860000e+03
   2.3200000e+03
   1.8790000e+03
   1.7040000e+03
   1.6990000e+03
   1.7990000e+03
   1.8230000e+03
   1.8590000e+03
   1.9150000e+03
   1.9450000e+03
   1.9540000e+03
   1.9550000e+03
   1.9620000e+03
   1.9630000e+03
   1.9640000e+03
   1.9670000e+03
   1.9720000e+03
   1.9660000e+03
   1.9700000e+03
   1.9740000e+03
   1.9650000e+03
   1.9740000e+03
   1.9820000e+03
   1.9710000e+03
   1.9770000e+03
   1.9710000e+03
   1.9820000e+03
   1.9750000e+03
   1.9700000e+03
   1.9670000e+03
   1.9730000e+03
   1.9780000e+03
   1.9780000e+03
   1.9720000e+03
   1.9670000e+03
   1.9870000e+03
   1.9900000e+03
   2.0000000e+03
   2.0060000e+03
   2.0110000e+03
   2.0110000e+03
   2.0020000e+03
   2.0110000e+03
   2.0210000e+03
   2.0310000e+03
   2.0380000e+03
   2.0450000e+03
   2.0570000e+03
   2.0780000e+03
   2.0790000e+03
   2.0710000e+03
   2.0890000e+03
   2.1080000e+03
   2.1320000e+03
   2.1660000e+03
   2.1570000e+03
   2.1540000e+03
   2.1510000e+03
   2.1530000e+03
   2.1620000e+03
   2.1560000e+03
   2.1390000e+03
   2.1360000e+03
   2.1220000e+03
   2.1270000e+03
   2.1210000e+03
   2.1080000e+03
   2.1000000e+03
   2.0960000e+03
   2.1080000e+03
   2.1020000e+03
   2.0570000e+03
   2.0480000e+03
   2.0510000e+03
   2.0590000e+03
   2.0500000e+03
   2.0310000e+03
   2.0140000e+03
   2.0170000e+03
   2.0230000e+03
   2.0340000e+03
   2.0320000e+03
   2.0120000e+03
   2.0060000e+03
   2.0140000e+03
   2.0310000e+03
   1.9910000e+03
   1.9890000e+03
   1.9900000e+03
   2.0090000e+03
   2.0190000e+03
   2.0120000e+03
   1.9950000e+03
   1.9990000e+03
   1.9970000e+03
   2.0090000e+03
   1.9970000e+03
   2.0030000e+03
   1.9940000e+03
   2.0010000e+03
   2.0100000e+03
   2.0170000e+03
   2.0140000e+03
   2.0040000e+03
   2.0180000e+03
   2.0460000e+03
   2.0670000e+03
   2.0480000e+03
   2.0460000e+03
   2.0590000e+03
   2.0770000e+03
   2.0770000e+03
   2.0830000e+03
   2.0740000e+03
   2.0710000e+03
   2.0960000e+03
   2.0760000e+03
   2.0690000e+03
   2.0680000e+03
   2.0890000e+03
   2.0830000e+03
   2.0840000e+03
   2.0870000e+03
   2.0720000e+03
   2.0710000e+03
   2.0890000e+03
   2.0850000e+03
   2.0760000e+03
   2.0690000e+03
   2.0750000e+03
   2.0710000e+03
   2.0460000e+03
   2.0480000e+03
   2.0550000e+03
   2.0520000e+03
   2.0610000e+03
   2.0640000e+03
   2.0620000e+03
   2.0580000e+03
   2.0480000e+03
   2.0530000e+03
   2.0500000e+03
   2.0520000e+03
   2.0310000e+03
   2.0340000e+03
   2.0480000e+03
   2.0640000e+03
   2.0620000e+03
   2.0550000e+03
   2.0450000e+03
   2.0460000e+03
   2.0510000e+03
   2.0480000e+03
   2.0460000e+03
   2.0400000e+03
   2.0520000e+03
   2.0510000e+03
   2.0530000e+03
   2.0510000e+03
   2.0560000e+03
   2.0560000e+03
   2.0440000e+03
   2.0500000e+03
   2.0470000e+03
   2.0430000e+03
   2.0400000e+03
   2.0200000e+03
   2.0500000e+03
   2.0590000e+03
   2.0760000e+03
   2.0570000e+03
   2.0500000e+03
   2.0390000e+03
   2.0430000e+03
   2.0580000e+03
   2.0610000e+03
   2.0430000e+03
   2.0460000e+03
   2.0520000e+03
   2.0550000e+03
   2.0600000e+03
   2.0610000e+03
   2.0480000e+03
   2.0380000e+03
   2.0520000e+03
   2.0780000e+03
   2.0760000e+03
   2.0480000e+03
   2.0450000e+03
   2.0650000e+03
   2.0650000e+03
   2.0700000e+03
   2.0730000e+03
   2.0650000e+03
   2.0630000e+03
   2.0830000e+03
   2.1160000e+03
   2.1090000e+03
   2.1120000e+03
   2.0920000e+03
   2.0940000e+03
   2.1090000e+03
   2.1080000e+03
   2.1180000e+03
   2.1100000e+03
   2.1070000e+03
   2.1230000e+03
   2.1340000e+03
   2.1330000e+03
   2.1220000e+03
   2.0980000e+03
   2.0930000e+03
   2.0870000e+03
   2.0880000e+03
   2.0640000e+03
   2.0600000e+03
   2.0480000e+03
   2.0360000e+03
   2.0530000e+03
   2.0590000e+03
   2.0450000e+03
   2.0280000e+03
   2.0070000e+03
   2.0170000e+03
   2.0260000e+03
   2.0570000e+03
   2.1580000e+03
   2.3160000e+03
   2.5630000e+03
   2.8520000e+03
   3.0950000e+03
   3.3410000e+03
   3.2540000e+03
   2.8180000e+03
   2.2430000e+03
   1.9160000e+03
   1.7250000e+03
   1.7140000e+03
   1.7750000e+03
   1.8200000e+03
   1.8730000e+03
   1.9450000e+03
   1.9850000e+03
   1.9760000e+03
   1.9880000e+03
   2.0000000e+03
   2.0120000e+03
   2.0090000e+03
   2.0000000e+03
   2.0120000e+03
   2.0030000e+03
   2.0090000e+03
   2.0200000e+03
   2.0240000e+03
   2.0160000e+03
   2.0110000e+03
   2.0180000e+03
   2.0180000e+03
   2.0070000e+03
   2.0230000e+03
   2.0200000e+03
   2.0100000e+03
   2.0240000e+03
   2.0260000e+03
   2.0290000e+03
   2.0370000e+03
   2.0210000e+03
   2.0160000e+03
   2.0360000e+03
   2.0280000e+03
   2.0190000e+03
   2.0240000e+03
   2.0400000e+03
   2.0450000e+03
   2.0430000e+03
   2.0590000e+03
   2.0710000e+03
   2.0740000e+03
   2.0800000e+03
   2.0910000e+03
   2.0850000e+03
   2.0940000e+03
   2.1110000e+03
   2.1180000e+03
   2.1240000e+03
   2.1350000e+03
   2.1500000e+03
   2.1550000e+03
   2.1680000e+03
   2.1680000e+03
   2.1740000e+03
   2.1700000e+03
   2.1680000e+03
   2.1690000e+03
   2.1620000e+03
   2.1580000e+03
   2.1430000e+03
   2.1340000e+03
   2.1280000e+03
   2.1160000e+03
   2.1070000e+03
   2.1040000e+03
   2.1020000e+03
   2.0870000e+03
   2.0840000e+03
   2.0740000e+03
   2.0660000e+03
   2.0540000e+03
   2.0510000e+03
   2.0500000e+03
   2.0390000e+03
   2.0370000e+03
   2.0360000e+03
   2.0300000e+03
   2.0290000e+03
   2.0300000e+03
   2.0330000e+03
   2.0270000e+03
   2.0200000e+03
   2.0200000e+03
   2.0170000e+03
   2.0180000e+03
   2.0030000e+03
   2.0040000e+03
   2.0030000e+03
   1.9990000e+03
   1.9950000e+03
   2.0000000e+03
   2.0080000e+03
   2.0030000e+03
   1.9960000e+03
   2.0180000e+03
   2.0190000e+03
   2.0140000e+03
   2.0220000e+03
   2.0360000e+03
   2.0430000e+03
   2.0470000e+03
   2.0470000e+03
   2.0630000e+03
   2.0640000e+03
   2.0690000e+03
   2.0770000e+03
   2.0820000e+03
   2.0810000e+03
   2.0810000e+03
   2.0760000e+03
   2.0840000e+03
   2.0850000e+03
   2.0860000e+03
   2.0770000e+03
   2.0790000e+03
   2.0900000e+03
   2.0870000e+03
   2.0810000e+03
   2.0810000e+03
   2.0720000e+03
   2.0570000e+03
   2.0580000e+03
   2.0520000e+03
   2.0530000e+03
   2.0520000e+03
   2.0500000e+03
   2.0410000e+03
   2.0450000e+03
   2.0530000e+03
   2.0500000e+03
   2.0430000e+03
   2.0480000e+03
   2.0450000e+03
   2.0370000e+03
   2.0340000e+03
   2.0370000e+03
   2.0380000e+03
   2.0260000e+03
   2.0340000e+03
   2.0370000e+03
   2.0440000e+03
   2.0340000e+03
   2.0280000e+03
   2.0250000e+03
   2.0300000e+03
   2.0270000e+03
   2.0290000e+03
   2.0350000e+03
   2.0400000e+03
   2.0320000e+03
   2.0390000e+03
   2.0340000e+03
   2.0360000e+03
   2.0240000e+03
   2.0270000e+03
   2.0360000e+03
   2.0260000e+03
   2.0260000e+03
   2.0240000e+03
   2.0240000e+03
   2.0280000e+03
   2.0310000e+03
   2.0280000e+03
   2.0300000e+03
   2.0290000e+03
   2.0340000e+03
   2.0370000e+03
   2.0270000e+03
   2.0340000e+03
   2.0300000e+03
   2.0270000e+03
   2.0300000e+03
   2.0320000e+03
   2.0330000e+03
   2.0320000e+03
   2.0290000e+03
   2.0310000e+03
   2.0250000e+03
   2.0300000e+03
   2.0390000e+03
   2.0320000e+03
   2.0370000e+03
   2.0320000e+03
   2.0300000e+03
   2.0430000e+03
   2.0580000e+03
   2.0680000e+03
   2.0730000e+03
   2.0870000e+03
   2.0890000e+03
   2.0820000e+03
   2.0890000e+03
   2.0860000e+03
   2.0830000e+03
   2.0900000e+03
   2.0970000e+03
   2.0920000e+03
   2.0910000e+03
   2.0910000e+03
   2.0820000e+03
   2.0790000e+03
   2.0720000e+03
   2.0600000e+03
   2.0520000e+03
   2.0310000e+03
   2.0220000e+03
   2.0170000e+03
   2.0130000e+03
   2.0140000e+03
   2.0140000e+03
   2.0170000e+03
   2.0200000e+03
   2.0010000e+03
   1.9940000e+03
   1.9770000e+03
   2.0150000e+03
   2.1020000e+03
   2.2870000e+03
   2.5580000e+03
   2.9180000e+03
   3.2150000e+03
   3.4400000e+03
   3.2950000e+03
   2.7320000e+03
   2.1160000e+03
   1.7950000e+03
   1.6840000e+03
   1.7180000e+03
   1.7970000e+03
   1.8370000e+03
   1.8770000e+03
   1.9320000e+03
   1.9500000e+03
   1.9510000e+03
   1.9580000e+03
   1.9580000e+03
   1.9700000e+03
   1.9690000e+03
   1.9750000e+03
   1.9720000e+03
   1.9760000e+03
   1.9810000e+03
   1.9790000e+03
   1.9790000e+03
   1.9790000e+03
   1.9810000e+03
   1.9870000e+03
   1.9790000e+03
   1.9800000e+03
   1.9870000e+03
   1.9790000e+03
   1.9830000e+03
   1.9950000e+03
   1.9830000e+03
   1.9860000e+03
   1.9890000e+03
   1.9980000e+03
   1.9930000e+03
   1.9980000e+03
   2.0000000e+03
   1.9990000e+03
   1.9970000e+03
   2.0040000e+03
   2.0070000e+03
   2.0140000e+03
   2.0290000e+03
   2.0290000e+03
   2.0340000e+03
   2.0410000e+03
   2.0550000e+03
   2.0650000e+03
   2.0790000e+03
   2.0940000e+03
   2.1070000e+03
   2.1200000e+03
   2.1310000e+03
   2.1360000e+03
   2.1470000e+03
   2.1540000e+03
   2.1550000e+03
   2.1580000e+03
   2.1630000e+03
   2.1760000e+03
   2.1680000e+03
   2.1720000e+03
   2.1630000e+03
   2.1570000e+03
   2.1460000e+03
   2.1400000e+03
   2.1260000e+03
   2.1120000e+03
   2.0990000e+03
   2.0860000e+03
   2.0720000e+03
   2.0680000e+03
   2.0670000e+03
   2.0590000e+03
   2.0470000e+03
   2.0380000e+03
   2.0320000e+03
   2.0220000e+03
   2.0280000e+03
   2.0230000e+03
   2.0160000e+03
   2.0130000e+03
   2.0060000e+03
   2.0070000e+03
   2.0070000e+03
   1.9980000e+03
   1.9930000e+03
   1.9920000e+03
   1.9970000e+03
   1.9960000e+03
   1.9880000e+03
   1.9880000e+03
   1.9900000e+03
   1.9940000e+03
   1.9820000e+03
   1.9900000e+03
   1.9940000e+03
   1.9880000e+03
   1.9920000e+03
   1.9970000e+03
   1.9930000e+03
   1.9910000e+03
   2.0040000e+03
   2.0080000e+03
   2.0130000e+03
   2.0190000e+03
   2.0230000e+03
   2.0240000e+03
   2.0380000e+03
   2.0450000e+03
   2.0370000e+03
   2.0390000e+03
   2.0420000e+03
   2.0390000e+03
   2.0480000e+03
   2.0510000e+03
   2.0400000e+03
   2.0370000e+03
   2.0440000e+03
   2.0510000e+03
   2.0460000e+03
   2.0480000e+03
   2.0510000e+03
   2.0520000e+03
   2.0500000e+03
   2.0460000e+03
   2.0460000e+03
   2.0380000e+03
   2.0390000e+03
   2.0430000e+03
   2.0400000e+03
   2.0310000e+03
   2.0280000e+03
   2.0280000e+03
   2.0320000e+03
   2.0260000e+03
   2.0290000e+03
   2.0260000e+03
   2.0230000e+03
   2.0290000e+03
   2.0290000e+03
   2.0220000e+03
   2.0290000e+03
   2.0300000e+03
   2.0260000e+03
   2.0270000e+03
   2.0210000e+03
   2.0140000e+03
   2.0130000e+03
   2.0170000e+03
   2.0120000e+03
   2.0110000e+03
   2.0280000e+03
   2.0250000e+03
   2.0170000e+03
   2.0190000e+03
   2.0200000e+03
   2.0080000e+03
   2.0120000e+03
   2.0140000e+03
   2.0140000e+03
   2.0070000e+03
   2.0130000e+03
   2.0140000e+03
   2.0220000e+03
   2.0170000e+03
   2.0120000e+03
   2.0120000e+03
   2.0140000e+03
   2.0170000e+03
   2.0180000e+03
   2.0210000e+03
   2.0130000e+03
   2.0070000e+03
   2.0080000e+03
   2.0050000e+03
   2.0100000e+03
   2.0080000e+03
   2.0200000e+03
   2.0230000e+03
   2.0180000e+03
   2.0260000e+03
   2.0240000e+03
   2.0180000e+03
   2.0260000e+03
   2.0360000e+03
   2.0360000e+03
   2.0470000e+03
   2.0620000e+03
   2.0770000e+03
   2.0910000e+03
   2.0750000e+03
   2.0750000e+03
   2.0800000e+03
   2.0810000e+03
   2.0980000e+03
   2.0970000e+03
   2.0890000e+03
   2.0850000e+03
   2.0960000e+03
   2.0880000e+03
   2.0760000e+03
   2.0640000e+03
   2.0530000e+03
   2.0480000e+03
   2.0530000e+03
   2.0210000e+03
   2.0000000e+03
   2.0050000e+03
   2.0050000e+03
   2.0110000e+03
   2.0190000e+03
   2.0070000e+03
   2.0010000e+03
   1.9900000e+03
   1.9870000e+03
   1.9930000e+03
   2.0620000e+03
   2.1940000e+03
   2.4600000e+03
   2.8060000e+03
   3.1350000e+03
   3.3830000e+03
   3.3850000e+03
   2.9150000e+03
   2.2810000e+03
   1.8910000e+03
   1.7140000e+03
   1.6750000e+03
   1.7650000e+03
   1.8020000e+03
   1.8540000e+03
   1.9190000e+03
   1.9180000e+03
   1.9220000e+03
   1.9370000e+03
   1.9540000e+03
   1.9610000e+03
   1.9660000e+03
   1.9570000e+03
   1.9520000e+03
   1.9560000e+03
   1.9690000e+03
   1.9750000e+03
   1.9650000e+03
   1.9610000e+03
   1.9690000e+03
   1.9850000e+03
   1.9870000e+03
   1.9610000e+03
   1.9560000e+03
   1.9600000e+03
   1.9820000e+03
   1.9950000e+03
   1.9990000e+03
   1.9800000e+03
   1.9770000e+03
   1.9730000e+03
   1.9880000e+03
   1.9980000e+03
   1.9820000e+03
   1.9760000e+03
   1.9830000e+03
   2.0070000e+03
   2.0120000e+03
   2.0170000e+03
   2.0080000e+03
   2.0160000e+03
   2.0180000e+03
   2.0370000e+03
   2.0550000e+03
   2.0550000e+03
   2.0430000e+03
   2.0670000e+03
   2.0870000e+03
   2.1270000e+03
   2.1340000e+03
   2.1180000e+03
   2.1290000e+03
   2.1400000e+03
   2.1490000e+03
   2.1520000e+03
   2.1670000e+03
   2.1540000e+03
   2.1530000e+03
   2.1440000e+03
   2.1510000e+03
   2.1350000e+03
   2.1250000e+03
   2.1170000e+03
   2.1070000e+03
   2.1080000e+03
   2.1000000e+03
   2.0700000e+03
   2.0610000e+03
   2.0580000e+03
   2.0580000e+03
   2.0430000e+03
   2.0340000e+03
   2.0240000e+03
   2.0210000e+03
   2.0250000e+03
   2.0340000e+03
   2.0200000e+03
   2.0090000e+03
   1.9900000e+03
   1.9890000e+03
   1.9990000e+03
   2.0100000e+03
   2.0010000e+03
   1.9830000e+03
   1.9880000e+03
   1.9960000e+03
   1.9980000e+03
   1.9930000e+03
   1.9850000e+03
   1.9860000e+03
   1.9670000e+03
   1.9690000e+03
   1.9870000e+03
   1.9860000e+03
   1.9800000e+03
   1.9870000e+03
   2.0040000e+03
   2.0280000e+03
   2.0420000e+03
   2.0290000e+03
   2.0020000e+03
   2.0130000e+03
   2.0240000e+03
   2.0240000e+03
   2.0380000e+03
   2.0370000e+03
   2.0290000e+03
   2.0380000e+03
   2.0560000e+03
   2.0740000e+03
   2.0730000e+03
   2.0420000e+03
   2.0410000e+03
   2.0600000e+03
   2.0590000e+03
   2.0680000e+03
   2.0640000e+03
   2.0500000e+03
   2.0460000e+03
   2.0580000e+03
   2.0550000e+03
   2.0650000e+03
   2.0570000e+03
   2.0480000e+03
   2.0460000e+03
   2.0380000e+03
   2.0270000e+03
   2.0490000e+03
   2.0490000e+03
   2.0590000e+03
   2.0580000e+03
   2.0440000e+03
   2.0300000e+03
   2.0270000e+03
   2.0420000e+03
   2.0300000e+03
   2.0250000e+03
   2.0290000e+03
   2.0410000e+03
   2.0340000e+03
   2.0200000e+03
   2.0370000e+03
   2.0530000e+03
   2.0400000e+03
   2.0340000e+03
   2.0210000e+03
   2.0220000e+03
   2.0310000e+03
   2.0410000e+03
   2.0390000e+03
   2.0310000e+03
   2.0480000e+03
   2.0520000e+03
   2.0570000e+03
   2.0580000e+03
   2.0440000e+03
   2.0350000e+03
   2.0250000e+03
   2.0380000e+03
   2.0370000e+03
   2.0330000e+03
   2.0280000e+03
   2.0410000e+03
   2.0490000e+03
   2.0430000e+03
   2.0390000e+03
   2.0430000e+03
   2.0560000e+03
   2.0520000e+03
   2.0600000e+03
   2.0430000e+03
   2.0240000e+03
   2.0410000e+03
   2.0350000e+03
   2.0360000e+03
   2.0350000e+03
   2.0480000e+03
   2.0560000e+03
   2.0500000e+03
   2.0540000e+03
   2.0550000e+03
   2.0170000e+03
   2.0270000e+03
   2.0490000e+03
   2.0570000e+03
   2.0450000e+03
   2.0460000e+03
   2.0630000e+03
   2.0850000e+03
   2.0880000e+03
   2.0940000e+03
   2.0830000e+03
   2.0930000e+03
   2.0930000e+03
   2.0870000e+03
   2.0960000e+03
   2.1070000e+03
   2.1000000e+03
   2.1130000e+03
   2.1240000e+03
   2.1030000e+03
   2.0850000e+03
   2.0840000e+03
   2.0930000e+03
   2.0780000e+03
   2.0820000e+03
   2.0560000e+03
   2.0340000e+03
   2.0440000e+03
   2.0570000e+03
   2.0290000e+03
   2.0200000e+03
   2.0340000e+03
   2.0300000e+03
   2.0180000e+03
   2.0110000e+03
   2.0100000e+03
   2.0120000e+03
   2.0800000e+03
   2.2190000e+03
   2.4310000e+03
   2.7140000e+03
   2.9890000e+03
   3.2420000e+03
   3.3620000e+03
   3.0040000e+03
   2.4200000e+03
   1.9640000e+03
   1.7600000e+03
   1.7040000e+03
   1.7480000e+03
   1.7740000e+03
   1.8360000e+03
   1.9100000e+03
   1.9480000e+03
   1.9640000e+03
   1.9700000e+03
   1.9630000e+03
   1.9680000e+03
   1.9660000e+03
   1.9750000e+03
   1.9700000e+03
   1.9770000e+03
   1.9860000e+03
   2.0000000e+03
   1.9900000e+03
   1.9820000e+03
   1.9760000e+03
   1.9780000e+03
   1.9770000e+03
   1.9870000e+03
   1.9870000e+03
   1.9880000e+03
   1.9920000e+03
   1.9800000e+03
   1.9830000e+03
   1.9890000e+03
   1.9900000e+03
   1.9990000e+03
   2.0060000e+03
   1.9970000e+03
   2.0020000e+03
   2.0070000e+03
   2.0090000e+03
   2.0150000e+03
   2.0190000e+03
   2.0280000e+03
   2.0210000e+03
   2.0270000e+03
   2.0340000e+03
   2.0420000e+03
   2.0540000e+03
   2.0590000e+03
   2.0670000e+03
   2.0750000e+03
   2.0880000e+03
   2.1040000e+03
   2.1120000e+03
   2.1160000e+03
   2.1240000e+03
   2.1300000e+03
   2.1340000e+03
   2.1330000e+03
   2.1380000e+03
   2.1330000e+03
   2.1360000e+03
   2.1260000e+03
   2.1120000e+03
   2.1040000e+03
   2.1120000e+03
   2.0950000e+03
   2.0910000e+03
   2.0860000e+03
   2.0790000e+03
   2.0680000e+03
   2.0610000e+03
   2.0570000e+03
   2.0360000e+03
   2.0300000e+03
   2.0270000e+03
   2.0240000e+03
   2.0080000e+03
   2.0110000e+03
   2.0100000e+03
   2.0000000e+03
   1.9950000e+03
   1.9980000e+03
   1.9920000e+03
   1.9810000e+03
   1.9770000e+03
   1.9830000e+03
   1.9780000e+03
   1.9750000e+03
   1.9720000e+03
   1.9680000e+03
   1.9780000e+03
   1.9700000e+03
   1.9650000e+03
   1.9680000e+03
   1.9810000e+03
   1.9750000e+03
   1.9760000e+03
   1.9790000e+03
   1.9840000e+03
   1.9860000e+03
   1.9950000e+03
   2.0000000e+03
   1.9990000e+03
   2.0110000e+03
   2.0250000e+03
   2.0240000e+03
   2.0310000e+03
   2.0410000e+03
   2.0470000e+03
   2.0450000e+03
   2.0560000e+03
   2.0630000e+03
   2.0570000e+03
   2.0580000e+03
   2.0620000e+03
   2.0620000e+03
   2.0620000e+03
   2.0560000e+03
   2.0560000e+03
   2.0570000e+03
   2.0630000e+03
   2.0480000e+03
   2.0500000e+03
   2.0360000e+03
   2.0340000e+03
   2.0260000e+03
   2.0280000e+03
   2.0270000e+03
   2.0160000e+03
   2.0150000e+03
   2.0210000e+03
   2.0240000e+03
   2.0160000e+03
   2.0160000e+03
   2.0150000e+03
   2.0100000e+03
   2.0100000e+03
   2.0240000e+03
   2.0200000e+03
   2.0140000e+03
   2.0120000e+03
   2.0150000e+03
   2.0160000e+03
   2.0150000e+03
   2.0130000e+03
   2.0080000e+03
   2.0050000e+03
   2.0050000e+03
   2.0110000e+03
   2.0060000e+03
   2.0100000e+03
   2.0140000e+03
   2.0240000e+03
   2.0490000e+03
   2.0610000e+03
   2.0660000e+03
   2.0620000e+03
   2.0680000e+03
   2.0610000e+03
   2.0640000e+03
   2.0660000e+03
   2.0530000e+03
   2.0340000e+03
   2.0310000e+03
   2.0340000e+03
   2.0260000e+03
   2.0200000e+03
   2.0190000e+03
   2.0200000e+03
   1.9970000e+03
   1.9930000e+03
   1.9960000e+03
   1.9990000e+03
   1.9820000e+03
   1.9840000e+03
   1.9840000e+03
   1.9790000e+03
   1.9770000e+03
   1.9710000e+03
   1.9470000e+03
   1.9930000e+03
   2.1120000e+03
   2.3300000e+03
   2.6350000e+03
   2.9900000e+03
   3.2700000e+03
   3.4290000e+03
   3.1590000e+03
   2.5260000e+03
   1.9860000e+03
   1.7270000e+03
   1.6570000e+03
   1.7260000e+03
   1.7820000e+03
   1.8160000e+03
   1.8670000e+03
   1.9060000e+03
   1.9310000e+03
   1.9360000e+03
   1.9330000e+03
   1.9380000e+03
   1.9420000e+03
   1.9510000e+03
   1.9490000e+03
   1.9610000e+03
   1.9610000e+03
   1.9610000e+03
   1.9600000e+03
   1.9690000e+03
   1.9620000e+03
   1.9610000e+03
   1.9580000e+03
   1.9640000e+03
   1.9680000e+03
   1.9680000e+03
   1.9670000e+03
   1.9760000e+03
   1.9820000e+03
   1.9760000e+03
   1.9720000e+03
   1.9650000e+03
   1.9760000e+03
   1.9780000e+03
   1.9790000e+03
   1.9920000e+03
   1.9840000e+03
   1.9880000e+03
   1.9850000e+03
   1.9870000e+03
   1.9950000e+03
   2.0070000e+03
   2.0160000e+03
   2.0240000e+03
   2.0350000e+03
   2.0480000e+03
   2.0630000e+03
   2.0740000e+03
   2.0920000e+03
   2.1040000e+03
   2.1170000e+03
   2.1200000e+03
   2.1420000e+03
   2.1430000e+03
   2.1550000e+03
   2.1590000e+03
   2.1640000e+03
   2.1650000e+03
   2.1620000e+03
   2.1510000e+03
   2.1480000e+03
   2.1400000e+03
   2.1280000e+03
   2.1130000e+03
   2.1080000e+03
   2.1010000e+03
   2.0830000e+03
   2.0740000e+03
   2.0620000e+03
   2.0480000e+03
   2.0350000e+03
   2.0290000e+03
   2.0290000e+03
   2.0120000e+03
   2.0030000e+03
   2.0060000e+03
   1.9950000e+03
   1.9940000e+03
   1.9880000e+03
   1.9890000e+03
   1.9920000e+03
   1.9900000e+03
   1.9900000e+03
   1.9820000e+03
   1.9860000e+03
   1.9840000e+03
   1.9820000e+03
   1.9750000e+03
   1.9760000e+03
   1.9740000e+03
   1.9740000e+03
   1.9720000e+03
   1.9650000e+03
   1.9590000e+03
   1.9600000e+03
   1.9640000e+03
   1.9570000e+03
   1.9600000e+03
   1.9680000e+03
   1.9710000e+03
   1.9570000e+03
   1.9740000e+03
   1.9830000e+03
   1.9810000e+03
   1.9840000e+03
   1.9910000e+03
   2.0010000e+03
   2.0020000e+03
   2.0120000e+03
   2.0170000e+03
   2.0160000e+03
   2.0080000e+03
   2.0060000e+03
   2.0110000e+03
   2.0120000e+03
   2.0180000e+03
   2.0220000e+03
   2.0150000e+03
   2.0210000e+03
   2.0100000e+03
   2.0130000e+03
   2.0220000e+03
   2.0160000e+03
   2.0110000e+03
   2.0160000e+03
   2.0170000e+03
   2.0150000e+03
   2.0150000e+03
   2.0160000e+03
   2.0190000e+03
   2.0110000e+03
   2.0150000e+03
   2.0170000e+03
   2.0190000e+03
   2.0140000e+03
   2.0230000e+03
   2.0150000e+03
   2.0120000e+03
   2.0110000e+03
   2.0150000e+03
   2.0110000e+03
   2.0130000e+03
   2.0120000e+03
   2.0140000e+03
   2.0130000e+03
   2.0180000e+03
   2.0210000e+03
   2.0120000e+03
   2.0210000e+03
   2.0170000e+03
   2.0140000e+03
   2.0180000e+03
   2.0190000e+03
   2.0150000e+03
   2.0140000e+03
   2.0180000e+03
   2.0080000e+03
   2.0130000e+03
   2.0110000e+03
   2.0130000e+03
   2.0100000e+03
   2.0130000e+03
   2.0150000e+03
   2.0080000e+03
   1.9970000e+03
   2.0080000e+03
   2.0080000e+03
   2.0000000e+03
   2.0070000e+03
   2.0100000e+03
   2.0210000e+03
   2.0130000e+03
   2.0170000e+03
   2.0180000e+03
   2.0170000e+03
   2.0190000e+03
   2.0090000e+03
   2.0140000e+03
   2.0140000e+03
   2.0170000e+03
   2.0170000e+03
   2.0120000e+03
   2.0140000e+03
   2.0120000e+03
   2.0160000e+03
   2.0170000e+03
   2.0170000e+03
   2.0210000e+03
   2.0240000e+03
   2.0240000e+03
   2.0140000e+03
   2.0290000e+03
   2.0250000e+03
   2.0130000e+03
   2.0210000e+03
   2.0260000e+03
   2.0320000e+03
   2.0330000e+03
   2.0510000e+03
   2.0720000e+03
   2.0780000e+03
   2.0840000e+03
   2.0840000e+03
   2.0870000e+03
   2.0870000e+03
   2.0850000e+03
   2.0780000e+03
   2.0810000e+03
   2.0900000e+03
   2.0980000e+03
   2.1070000e+03
   2.1100000e+03
   2.0890000e+03
   2.0790000e+03
   2.0720000e+03
   2.0710000e+03
   2.0760000e+03
   2.0510000e+03
   2.0290000e+03
   2.0270000e+03
   2.0190000e+03
   2.0060000e+03
   2.0010000e+03
   1.9990000e+03
   2.0070000e+03
   2.0280000e+03
   2.0340000e+03
   1.9900000e+03
   2.0000000e+03
   2.0860000e+03
   2.2420000e+03
   2.4990000e+03
   2.8300000e+03
   3.1550000e+03
   3.4150000e+03
   3.4100000e+03
   2.9400000e+03
   2.2610000e+03
   1.8470000e+03
   1.7030000e+03
   1.7100000e+03
   1.8190000e+03
   1.8330000e+03
   1.8690000e+03
   1.9200000e+03
   1.9440000e+03
   1.9630000e+03
   1.9620000e+03
   1.9450000e+03
   1.9600000e+03
   1.9560000e+03
   1.9820000e+03
   1.9990000e+03
   1.9810000e+03
   1.9710000e+03
   1.9820000e+03
   1.9860000e+03
   1.9970000e+03
   2.0000000e+03
   1.9800000e+03
   1.9790000e+03
   1.9740000e+03
   1.9870000e+03
   1.9820000e+03
   1.9630000e+03
   1.9730000e+03
   1.9810000e+03
   1.9990000e+03
   2.0010000e+03
   1.9910000e+03
   1.9870000e+03
   1.9720000e+03
   1.9870000e+03
   2.0010000e+03
   2.0070000e+03
   2.0000000e+03
   1.9990000e+03
   2.0070000e+03
   2.0280000e+03
   2.0400000e+03
   2.0390000e+03
   2.0330000e+03
   2.0440000e+03
   2.0590000e+03
   2.0920000e+03
   2.0910000e+03
   2.0910000e+03
   2.0910000e+03
   2.1120000e+03
   2.1350000e+03
   2.1500000e+03
   2.1410000e+03
   2.1380000e+03
   2.1470000e+03
   2.1640000e+03
   2.1790000e+03
   2.1920000e+03
   2.1330000e+03
   2.1310000e+03
   2.1330000e+03
   2.1380000e+03
   2.1360000e+03
   2.1170000e+03
   2.0990000e+03
   2.1020000e+03
   2.1050000e+03
   2.0960000e+03
   2.0700000e+03
   2.0540000e+03
   2.0500000e+03
   2.0550000e+03
   2.0620000e+03
   2.0660000e+03
   2.0540000e+03
   2.0060000e+03
   2.0110000e+03
   2.0300000e+03
   2.0330000e+03
   2.0450000e+03
   2.0260000e+03
   2.0020000e+03
   2.0050000e+03
   2.0220000e+03
   2.0220000e+03
   2.0140000e+03
   1.9940000e+03
   1.9940000e+03
   2.0060000e+03
   2.0200000e+03
   2.0330000e+03
   1.9970000e+03
   1.9870000e+03
   1.9990000e+03
   1.9990000e+03
   2.0070000e+03
   2.0110000e+03
   1.9980000e+03
   2.0090000e+03
   2.0090000e+03
   2.0320000e+03
   2.0360000e+03
   2.0520000e+03
   2.0430000e+03
   2.0410000e+03
   2.0490000e+03
   2.0690000e+03
   2.0810000e+03
   2.0830000e+03
   2.0630000e+03
   2.0670000e+03
   2.0690000e+03
   2.0780000e+03
   2.0880000e+03
   2.0760000e+03
   2.0670000e+03
   2.0680000e+03
   2.0880000e+03
   2.0880000e+03
   2.0740000e+03
   2.0810000e+03
   2.0730000e+03
   2.0740000e+03
   2.0750000e+03
   2.0610000e+03
   2.0420000e+03
   2.0480000e+03
   2.0460000e+03
   2.0660000e+03
   2.0680000e+03
   2.0720000e+03
   2.0710000e+03
   2.0550000e+03
   2.0510000e+03
   2.0470000e+03
   2.0630000e+03
   2.0670000e+03
   2.0620000e+03
   2.0410000e+03
   2.0450000e+03
   2.0390000e+03
   2.0420000e+03
   2.0320000e+03
   2.0450000e+03
   2.0610000e+03
   2.0530000e+03
   2.0560000e+03
   2.0470000e+03
   2.0430000e+03
   2.0340000e+03
   2.0370000e+03
   2.0550000e+03
   2.0450000e+03
   2.0390000e+03
   2.0290000e+03
   2.0400000e+03
   2.0440000e+03
   2.0380000e+03
   2.0420000e+03
   2.0330000e+03
   2.0290000e+03
   2.0300000e+03
   2.0590000e+03
   2.0580000e+03
   2.0410000e+03
   2.0350000e+03
   2.0440000e+03
   2.0560000e+03
   2.0520000e+03
   2.0470000e+03
   2.0440000e+03
   2.0370000e+03
   2.0390000e+03
   2.0560000e+03
   2.0710000e+03
   2.0380000e+03
   2.0390000e+03
   2.0400000e+03
   2.0440000e+03
   2.0400000e+03
   2.0420000e+03
   2.0200000e+03
   2.0380000e+03
   2.0570000e+03
   2.0490000e+03
   2.0450000e+03
   2.0430000e+03
   2.0430000e+03
   2.0520000e+03
   2.0520000e+03
   2.0540000e+03
   2.0480000e+03
   2.0500000e+03
   2.0730000e+03
   2.0960000e+03
   2.1060000e+03
   2.1060000e+03
   2.1030000e+03
   2.0860000e+03
   2.1070000e+03
   2.1020000e+03
   2.0710000e+03
   2.0780000e+03
   2.0960000e+03
   2.1010000e+03
   2.0770000e+03
   2.0680000e+03
   2.0660000e+03
   2.0570000e+03
   2.0530000e+03
   2.0420000e+03
   2.0430000e+03
   2.0450000e+03
   2.0400000e+03
   2.0300000e+03
   2.0190000e+03
   2.0200000e+03
   2.0090000e+03
   2.0070000e+03
   2.0740000e+03
   2.1570000e+03
   2.3480000e+03
   2.6280000e+03
   2.9380000e+03
   3.1870000e+03
   3.3460000e+03
   3.0510000e+03
   2.5060000e+03
   2.0130000e+03
   1.7790000e+03
   1.6900000e+03
   1.7360000e+03
   1.7710000e+03
   1.8290000e+03
   1.9130000e+03
   1.9630000e+03
   1.9790000e+03
   1.9800000e+03
   1.9820000e+03
   1.9830000e+03
   1.9880000e+03
   1.9890000e+03
   1.9820000e+03
   1.9970000e+03
   1.9940000e+03
   1.9870000e+03
   1.9900000e+03
   1.9920000e+03
   1.9910000e+03
   1.9900000e+03
   1.9910000e+03
   1.9980000e+03
   1.9930000e+03
   2.0040000e+03
   2.0040000e+03
   1.9910000e+03
   2.0050000e+03
   2.0100000e+03
   2.0060000e+03
   2.0100000e+03
   2.0020000e+03
   2.0030000e+03
   2.0100000e+03
   2.0110000e+03
   2.0200000e+03
   2.0120000e+03
   2.0200000e+03
   2.0250000e+03
   2.0260000e+03
   2.0280000e+03
   2.0400000e+03
   2.0430000e+03
   2.0570000e+03
   2.0610000e+03
   2.0740000e+03
   2.0800000e+03
   2.0980000e+03
   2.1020000e+03
   2.1090000e+03
   2.1220000e+03
   2.1310000e+03
   2.1300000e+03
   2.1490000e+03
   2.1600000e+03
   2.1600000e+03
   2.1480000e+03
   2.1490000e+03
   2.1420000e+03
   2.1280000e+03
   2.1290000e+03
   2.1240000e+03
   2.1120000e+03
   2.1030000e+03
   2.1140000e+03
   2.0980000e+03
   2.0800000e+03
   2.0760000e+03
   2.0610000e+03
   2.0480000e+03
   2.0340000e+03
   2.0310000e+03
   2.0300000e+03
   2.0210000e+03
   2.0220000e+03
   2.0190000e+03
   2.0120000e+03
   2.0120000e+03
   2.0000000e+03
   1.9950000e+03
   1.9910000e+03
   1.9890000e+03
   1.9860000e+03
   1.9770000e+03
   1.9790000e+03
   1.9720000e+03
   1.9670000e+03
   1.9730000e+03
   1.9700000e+03
   1.9660000e+03
   1.9700000e+03
   1.9730000e+03
   1.9710000e+03
   1.9730000e+03
   1.9850000e+03
   1.9870000e+03
   1.9800000e+03
   1.9940000e+03
   2.0010000e+03
   2.0060000e+03
   2.0140000e+03
   2.0260000e+03
   2.0260000e+03
   2.0360000e+03
   2.0450000e+03
   2.0420000e+03
   2.0490000e+03
   2.0520000e+03
   2.0580000e+03
   2.0650000e+03
   2.0620000e+03
   2.0630000e+03
   2.0640000e+03
   2.0640000e+03
   2.0650000e+03
   2.0600000e+03
   2.0540000e+03
   2.0510000e+03
   2.0540000e+03
   2.0440000e+03